0.00301504135132 200.0
0.00342583656311 300.0
0.00361585617065 400.0
0.00375390052795 500.0
0.00389289855957 600.0
0.0040500164032 700.0
0.00419282913208 800.0
0.00432705879211 900.0
0.00446391105652 1000.0
0.00461292266846 1000.0
0.00473189353943 1000.0
0.00484204292297 1000.0
0.0049569606781 1000.0
0.00507283210754 1000.0
0.00518798828125 1000.0
0.00530505180359 1000.0
0.00542783737183 1000.0
0.00554490089417 1000.0
0.0056619644165 1000.0
0.00577998161316 1000.0
0.00589489936829 1000.0
0.00601291656494 1000.0
0.00612998008728 1000.0
0.00625801086426 1000.0
0.00637888908386 1000.0
0.00649690628052 1000.0
0.00662088394165 1000.0
0.00673389434814 1000.0
0.00684404373169 1000.0
0.00698184967041 1000.0
0.00710487365723 1000.0
0.00722289085388 1000.0
0.00733995437622 1000.0
0.00745701789856 1000.0
0.007572889328 1000.0
0.00768995285034 1000.0
0.00781488418579 1000.0
0.00793194770813 1000.0
0.00804901123047 1000.0
0.0081639289856 1000.0
0.00828099250793 1000.0
0.00839900970459 1000.0
0.00851488113403 1000.0
0.00863194465637 1000.0
0.00874805450439 1000.0
0.00888991355896 1000.0
0.00901794433594 1000.0
0.00913596153259 1000.0
0.00925397872925 1000.0
0.00937104225159 1000.0
0.00948905944824 1000.0
0.00960683822632 1000.0
0.00972604751587 1000.0
0.00984287261963 1000.0
0.00995993614197 1000.0
0.01007604599 1000.0
0.0102009773254 1000.0
0.0103180408478 1000.0
0.0104360580444 1000.0
0.0105519294739 1000.0
0.0106689929962 1000.0
0.0107860565186 1000.0
0.0109028816223 1000.0
0.0110659599304 1000.0
0.01118683815 1000.0
0.0113048553467 1000.0
0.011430978775 1000.0
0.0115690231323 1000.0
0.0116908550262 1000.0
0.0118088722229 1000.0
0.0119259357452 1000.0
0.0120429992676 1000.0
0.0121600627899 1000.0
0.0123279094696 1000.0
0.0124549865723 1000.0
0.0125739574432 1000.0
0.012699842453 1000.0
0.0128190517426 1000.0
0.0129380226135 1000.0
0.0130589008331 1000.0
0.0132069587708 1000.0
0.0133278369904 1000.0
0.013445854187 1000.0
0.0135629177094 1000.0
0.013680934906 1000.0
0.0138020515442 1000.0
0.0139269828796 1000.0
0.0140450000763 1000.0
0.0141618251801 1000.0
0.0142788887024 1000.0
0.0143959522247 1000.0
0.0145130157471 1000.0
0.0146248340607 1000.0
0.0147089958191 1000.0
0.0147888660431 1000.0
0.01486992836 1000.0
0.0149819850922 1000.0
0.0150859355927 1000.0
0.015202999115 1000.0
0.0152869224548 1000.0
0.0153658390045 1000.0
