0.00315594673157 0
0.00355887413025 1
0.00370383262634 2
0.00384402275085 3
0.00397706031799 4
0.00414085388184 5
0.00427889823914 6
0.00441598892212 7
0.00454688072205 8
0.00461983680725 9
0.00473999977112 10
0.00484991073608 11
0.00496602058411 12
0.00508093833923 13
0.00519704818726 14
0.00531387329102 15
0.00543594360352 16
0.00555396080017 17
0.00566983222961 18
0.00578784942627 19
0.00590491294861 20
0.00602102279663 21
0.00613784790039 22
0.00626683235168 23
0.00638794898987 24
0.00650596618652 25
0.00663089752197 26
0.00674295425415 27
0.00685286521912 28
0.00699186325073 29
0.00711488723755 30
0.00723195075989 31
0.00734996795654 32
0.00746583938599 33
0.00758194923401 34
0.00769996643066 35
0.0078239440918 36
0.00794100761414 37
0.0080578327179 38
0.0081729888916 39
0.00829005241394 40
0.0084068775177 41
0.00852394104004 42
0.00864100456238 43
0.00875687599182 44
0.00889992713928 45
0.00902700424194 46
0.0091450214386 47
0.00926303863525 48
0.00937986373901 49
0.00949788093567 50
0.00961494445801 51
0.0097348690033 52
0.00985193252563 53
0.00996899604797 54
0.0100860595703 55
0.0102100372314 56
0.0103268623352 57
0.0104439258575 58
0.0105609893799 59
0.0106780529022 60
0.010794878006 61
0.0109279155731 62
0.0110750198364 63
0.011195898056 64
0.0113139152527 65
0.0114388465881 66
0.0115778446198 67
0.0116999149323 68
0.0118179321289 69
0.0119349956512 70
0.0120520591736 71
0.0121688842773 72
0.0123379230499 73
0.0124650001526 74
0.0125830173492 75
0.012708902359 76
0.01282787323 77
0.012946844101 78
0.013072013855 79
0.0132169723511 80
0.0133368968964 81
0.013454914093 82
0.0135719776154 83
0.013689994812 84
0.0138108730316 85
0.0139360427856 86
0.0140540599823 87
0.0141708850861 88
0.0142879486084 89
0.0144050121307 90
0.0145218372345 91
0.0146338939667 92
0.0147180557251 93
0.0147979259491 94
0.0148780345917 95
0.0149910449982 96
0.0150990486145 97
0.0152130126953 98
0.0152959823608 99
0.0153748989105 100
