0.00054407119751 0
0.000827074050903 1
0.00103807449341 2
0.00124311447144 3
0.00144815444946 4
0.00165820121765 5
0.00187015533447 6
0.00208616256714 7
0.00230312347412 8
0.00247311592102 9
0.00266408920288 10
0.0028440952301 11
0.00303196907043 12
0.00322198867798 13
0.00341200828552 14
0.00418996810913 24
0.00451517105103 25
0.00469613075256 26
0.00488209724426 27
0.00506806373596 28
0.00524616241455 29
0.00543117523193 30
0.00561618804932 31
0.0058012008667 32
0.00597214698792 33
0.00615310668945 34
0.00633907318115 35
0.00655817985535 36
0.00674510002136 37
0.00692701339722 38
0.00711011886597 39
0.00729417800903 40
0.00747108459473 41
0.00766110420227 42
0.00784802436829 43
0.00803709030151 44
0.00821900367737 45
0.00840306282043 46
0.00855398178101 47
0.00867414474487 48
0.00883603096008 49
0.00901198387146 50
0.00919818878174 51
0.00938320159912 52
0.00956797599792 53
0.00972008705139 54
0.0098831653595 55
0.0100691318512 56
0.0102181434631 57
0.0104761123657 58
0.0106160640717 59
0.0107800960541 60
0.0109660625458 61
0.011116027832 62
0.0112800598145 63
0.0114619731903 64
0.0116109848022 65
0.0117750167847 66
0.0119600296021 67
0.0121080875397 68
0.0122730731964 69
0.0124590396881 70
0.0126070976257 71
0.0127711296082 72
0.0129570960999 73
0.0131080150604 74
0.0132720470428 75
0.0134601593018 76
0.0136201381683 77
0.0137979984283 78
0.0139751434326 79
0.0141251087189 80
0.0142900943756 81
0.0144891738892 82
0.0146610736847 83
0.0148251056671 84
0.0150129795074 85
0.0151631832123 86
0.0153269767761 87
0.0155141353607 88
0.0156672000885 89
0.0157849788666 90
0.0159010887146 91
0.0160171985626 92
0.0161340236664 93
0.0162501335144 94
0.0163650512695 95
0.0164799690247 96
0.0165960788727 97
0.0166850090027 98
0.0167710781097 99
0.0168840885162 100
