0.000643968582153 0
10.0136990547 1
11.015666008 3
11.0159928799 4
11.0161378384 5
11.0162508488 6
11.0164079666 7
11.016561985 8
11.016835928 9
11.0169808865 10
11.0170998573 11
11.0172288418 12
11.017385006 13
11.0175628662 14
11.0177409649 15
11.0179169178 16
11.0180950165 17
11.0182688236 18
11.0184459686 19
11.0186219215 20
11.0187988281 21
11.0189778805 22
11.019151926 23
11.019327879 24
11.0195038319 25
11.0196800232 26
11.0198559761 27
11.0200309753 28
11.0202069283 29
11.0203828812 30
11.0205609798 31
11.0207359791 32
11.020911932 33
11.0210878849 34
11.0212759972 35
11.0214519501 36
11.021627903 37
11.021805048 38
11.0219810009 39
11.0221600533 40
11.0223369598 41
11.0225110054 42
11.0226860046 43
11.022865057 44
11.0230429173 45
11.0232188702 46
11.0233938694 47
11.0235719681 48
11.0237519741 49
11.0239288807 50
11.0241048336 51
11.0242819786 52
11.0244569778 53
11.0246338844 54
11.0248110294 55
11.024987936 56
11.025177002 57
11.0253589153 58
11.0255358219 59
11.0257129669 60
11.0258889198 61
11.0260648727 62
11.026239872 63
11.0264179707 64
11.026597023 65
11.0267729759 66
11.026955843 67
11.0271320343 68
11.0273108482 69
11.0274889469 70
11.0276658535 71
11.0278439522 72
11.0280208588 73
11.0281980038 74
11.0283749104 75
11.0285558701 76
11.0287358761 77
11.0289039612 78
11.0290839672 79
11.0292730331 80
11.0294530392 81
11.0296339989 82
11.0298130512 83
11.0299918652 84
11.030174017 85
11.0303528309 86
11.0305328369 87
11.0307109356 88
11.0308890343 89
11.0310668945 90
11.0312449932 91
11.0314218998 92
11.0316009521 93
11.0317819118 94
11.0319590569 95
11.0321359634 96
11.03231287 97
11.0324909687 98
11.0326700211 99
11.0328450203 100
