0.0031361579895 0
0.00349402427673 1
0.00363516807556 2
0.00377607345581 3
0.00392317771912 4
0.00405716896057 5
0.00418901443481 6
0.00432801246643 7
0.00445914268494 8
0.00453305244446 9
0.00464606285095 10
0.00477004051208 11
0.00488710403442 12
0.00500321388245 13
0.00511908531189 14
0.00523805618286 15
0.00536203384399 16
0.00547814369202 17
0.00559520721436 18
0.00571298599243 19
0.00583004951477 20
0.00594615936279 21
0.0060830116272 22
0.00620198249817 23
0.00631904602051 24
0.00643706321716 25
0.00656199455261 26
0.00667905807495 27
0.00679612159729 28
0.00691199302673 29
0.00703001022339 30
0.00714612007141 31
0.00726318359375 32
0.00738000869751 33
0.00749707221985 34
0.00761198997498 35
0.007737159729 36
0.00786519050598 37
0.00798416137695 38
0.00809907913208 39
0.00821614265442 40
0.00833320617676 41
0.00845098495483 42
0.00856709480286 43
0.0086841583252 44
0.00880002975464 45
0.00892615318298 46
0.00904321670532 47
0.00916004180908 48
0.00927710533142 49
0.00939416885376 50
0.00951099395752 51
0.00963020324707 52
0.00974702835083 53
0.00986409187317 54
0.00998210906982 55
0.010106086731 56
0.0102241039276 57
0.01034116745 58
0.0104579925537 59
0.010575056076 60
0.0106921195984 61
0.010810136795 62
0.0109570026398 63
0.011078119278 64
0.0111939907074 65
0.0113191604614 66
0.0114359855652 67
0.0115530490875 68
0.0116701126099 69
0.0117871761322 70
0.0119190216064 71
0.0120370388031 72
0.012157201767 73
0.0123000144958 74
0.0124201774597 75
0.0125460624695 76
0.0126640796661 77
0.0127811431885 78
0.0128991603851 79
0.0130159854889 80
0.0131330490112 81
0.0132510662079 82
0.0133681297302 83
0.0134861469269 84
0.0136051177979 85
0.013729095459 86
0.0138461589813 87
0.013964176178 88
0.0140810012817 89
0.0141990184784 90
0.014317035675 91
0.0145871639252 92
0.0147161483765 93
0.0148031711578 94
0.0148839950562 95
0.0149710178375 96
0.0151541233063 97
0.0152370929718 98
0.0153172016144 99
0.0153961181641 100
