0.00053882598877 200.0
1.00183486938 100.0
2.00309300423 100.0
3.00435686111 100.0
4.00561594963 100.0
5.00687599182 100.0
6.00813603401 100.0
7.00938200951 100.0
8.01063299179 100.0
9.01190090179 100.0
10.0131168365 100.0
10.0136270523 200.0
11.0150928497 100.0
11.0155589581 200.0
11.0159819126 200.0
11.0161309242 200.0
11.0162448883 200.0
11.0163969994 200.0
11.0165548325 200.0
11.0168259144 200.0
11.016974926 200.0
11.0170929432 200.0
11.0172219276 200.0
11.0173728466 200.0
11.0175499916 200.0
11.017729044 200.0
11.0179049969 200.0
11.0180819035 200.0
11.0182569027 200.0
11.0184340477 200.0
11.0186100006 200.0
11.0187869072 200.0
11.0189659595 200.0
11.0191400051 200.0
11.0193169117 200.0
11.0194909573 200.0
11.0196678638 200.0
11.0198440552 200.0
11.0200190544 200.0
11.0201950073 200.0
11.0203719139 200.0
11.0205488205 200.0
11.0207238197 200.0
11.0208990574 200.0
11.021075964 200.0
11.0212650299 200.0
11.0214409828 200.0
11.0216159821 200.0
11.0217928886 200.0
11.0219688416 200.0
11.0221478939 200.0
11.0223250389 200.0
11.0224988461 200.0
11.0226738453 200.0
11.0228528976 200.0
11.0230300426 200.0
11.0232069492 200.0
11.0233829021 200.0
11.0235600471 200.0
11.0237400532 200.0
11.0239169598 200.0
11.0240929127 200.0
11.0242700577 200.0
11.0244450569 200.0
11.0246219635 200.0
11.0247988701 200.0
11.0249760151 200.0
11.0251648426 200.0
11.0253469944 200.0
11.025523901 200.0
11.0257019997 200.0
11.0258769989 200.0
11.0260529518 200.0
11.026227951 200.0
11.0264060497 200.0
11.0265848637 200.0
11.026761055 200.0
11.026943922 200.0
11.027119875 200.0
11.0272989273 200.0
11.0274758339 200.0
11.0276539326 200.0
11.0278308392 200.0
11.0280089378 200.0
11.0281858444 200.0
11.0283629894 200.0
11.0285429955 200.0
11.0287239552 200.0
11.0288908482 200.0
11.0290720463 200.0
11.0292608738 200.0
11.0294408798 200.0
11.0296218395 200.0
11.0298008919 200.0
11.0299799442 200.0
11.0301618576 200.0
11.03034091 200.0
11.0305199623 200.0
11.0306978226 200.0
11.0308768749 200.0
11.0310549736 200.0
11.0312328339 200.0
11.0314099789 200.0
11.0315890312 200.0
11.0317699909 200.0
11.0319468975 200.0
11.0321240425 200.0
11.0323009491 200.0
11.0324790478 200.0
11.0326578617 200.0
11.0328328609 200.0
