0.00288319587708 200.0
0.00318312644958 300.0
0.00341105461121 400.0
0.00362110137939 500.0
0.00383901596069 600.0
0.00405120849609 700.0
0.00427103042603 800.0
0.0044801235199 900.0
0.00471305847168 1000.0
0.00494313240051 1000.0
0.00512003898621 1000.0
0.00529313087463 1000.0
0.00546622276306 1000.0
0.00569915771484 1000.0
0.00586915016174 1000.0
0.00603914260864 1000.0
0.00621819496155 1000.0
0.00638818740845 1000.0
0.00655817985535 1000.0
0.00673222541809 1000.0
0.00690221786499 1000.0
0.00707221031189 1000.0
0.00724101066589 1000.0
0.00741100311279 1000.0
0.00758123397827 1000.0
0.00774908065796 1000.0
0.00792717933655 1000.0
0.00809621810913 1000.0
0.00826501846313 1000.0
0.00843501091003 1000.0
0.00860500335693 1000.0
0.00877404212952 1000.0
0.00894403457642 1000.0
0.00911402702332 1000.0
0.00928211212158 1000.0
0.00945210456848 1000.0
0.00969099998474 1000.0
0.00985908508301 1000.0
0.0100290775299 1000.0
0.0101981163025 1000.0
0.0103681087494 1000.0
0.0105381011963 1000.0
0.0107080936432 1000.0
0.0108780860901 1000.0
0.0110471248627 1000.0
0.0112171173096 1000.0
0.0113961696625 1000.0
0.0115661621094 1000.0
0.0117340087891 1000.0
0.0119030475616 1000.0
0.0120730400085 1000.0
0.0122430324554 1000.0
0.0125441551208 1000.0
0.0127010345459 1000.0
0.01287317276 1000.0
0.0130450725555 1000.0
0.0132222175598 1000.0
0.0133922100067 1000.0
0.0136291980743 1000.0
0.0138020515442 1000.0
0.0139720439911 1000.0
0.0141410827637 1000.0
0.0143120288849 1000.0
0.0144832134247 1000.0
0.0146532058716 1000.0
0.0148231983185 1000.0
0.0150010585785 1000.0
0.0151700973511 1000.0
0.0153410434723 1000.0
0.0155110359192 1000.0
0.015682220459 1000.0
0.015851020813 1000.0
0.0160222053528 1000.0
0.0161910057068 1000.0
0.0163640975952 1000.0
0.0165371894836 1000.0
0.016716003418 1000.0
0.0168871879578 1000.0
0.0170571804047 1000.0
0.0172281265259 1000.0
0.0173981189728 1000.0
0.0176341533661 1000.0
0.0178031921387 1000.0
0.0179741382599 1000.0
0.0181441307068 1000.0
0.0183191299438 1000.0
0.0184960365295 1000.0
0.0186672210693 1000.0
0.0188391208649 1000.0
0.0190100669861 1000.0
0.0191810131073 1000.0
0.0193531513214 1000.0
0.0195250511169 1000.0
0.0196590423584 1000.0
0.0197851657867 1000.0
0.019905090332 1000.0
0.020033121109 1000.0
0.02015209198 1000.0
0.0202701091766 1000.0
0.0203940868378 1000.0
0.0205161571503 1000.0
