0.00281596183777 200.0
0.00317907333374 300.0
0.00337314605713 400.0
0.00350999832153 500.0
0.00364995002747 600.0
0.0037829875946 700.0
0.00391411781311 800.0
0.00404691696167 900.0
0.00418710708618 1000.0
0.00437593460083 1000.0
0.00449895858765 1000.0
0.00461101531982 1000.0
0.00472903251648 1000.0
0.0048451423645 1000.0
0.00495600700378 1000.0
0.00506997108459 1000.0
0.00519394874573 1000.0
0.00531005859375 1000.0
0.00542497634888 1000.0
0.00554203987122 1000.0
0.00565910339355 1000.0
0.005774974823 1000.0
0.00595903396606 1000.0
0.00612902641296 1000.0
0.00630402565002 1000.0
0.0064799785614 1000.0
0.00666213035583 1000.0
0.0068371295929 1000.0
0.00701212882996 1000.0
0.00718712806702 1000.0
0.00735902786255 1000.0
0.00753211975098 1000.0
0.00770211219788 1000.0
0.00787305831909 1000.0
0.00804305076599 1000.0
0.00821304321289 1000.0
0.00840401649475 1000.0
0.00857400894165 1000.0
0.00874400138855 1000.0
0.00891304016113 1000.0
0.00908303260803 1000.0
0.00925302505493 1000.0
0.00942397117615 1000.0
0.00959491729736 1000.0
0.00976395606995 1000.0
0.00993394851685 1000.0
0.0101230144501 1000.0
0.0102920532227 1000.0
0.0104639530182 1000.0
0.010635137558 1000.0
0.0108060836792 1000.0
0.0109760761261 1000.0
0.0111489295959 1000.0
0.0113201141357 1000.0
0.0114901065826 1000.0
0.0116600990295 1000.0
0.0118389129639 1000.0
0.012011051178 1000.0
0.0121810436249 1000.0
0.0124139785767 1000.0
0.0125861167908 1000.0
0.012757062912 1000.0
0.0129270553589 1000.0
0.0130970478058 1000.0
0.013267993927 1000.0
0.0134389400482 1000.0
0.0136179924011 1000.0
0.013787984848 1000.0
0.0139589309692 1000.0
0.014130115509 1000.0
0.014298915863 1000.0
0.0144691467285 1000.0
0.0146400928497 1000.0
0.0148110389709 1000.0
0.0149850845337 1000.0
0.0151600837708 1000.0
0.015340089798 1000.0
0.0155119895935 1000.0
0.0156841278076 1000.0
0.0158560276031 1000.0
0.0160350799561 1000.0
0.0162069797516 1000.0
0.0164430141449 1000.0
0.0166139602661 1000.0
0.0167851448059 1000.0
0.0169610977173 1000.0
0.0171430110931 1000.0
0.01731300354 1000.0
0.0174851417542 1000.0
0.0176570415497 1000.0
0.0178289413452 1000.0
0.018000125885 1000.0
0.0182950496674 1000.0
0.018434047699 1000.0
0.0186169147491 1000.0
0.0187389850616 1000.0
0.0188679695129 1000.0
0.0189859867096 1000.0
0.0191919803619 1000.0
0.0193121433258 1000.0
0.0194289684296 1000.0
